2 0
3 0
4 0
5 0
6 0
7 0
8 0
9 0
10 0
8 0
0 1
11 0
0 2
11 0
0 3
12 0
1 1
7 0
13 0
14 0
0 1
7 0
8 0
0 4
12 0
1 2
7 0
0 5
0 6
12 0
1 3
7 0
8 0
0 7
12 0
1 4
7 0
8 0
0 8
12 0
1 5
7 0
15 0
16 0
8 0
0 9
12 0
1 6
7 0
0 9
17 0
0 1
7 0
0 9
12 0
0 9
18 0
1 1
19 0
10 0
8 0
0 6
7 0
15 0
16 0
8 0
0 8
12 0
1 1
7 0
0 8
17 0
0 10
7 0
0 9
12 0
0 9
18 0
1 1
19 0
10 0
20 0
16 0
0 9
21 0
1 1
19 0
10 0
0 9
12 0
0 9
18 0
1 1
7 0
22 0
16 0
0 11
12 0
12 0
1 1
19 0
10 0
23 0
24 0
1 7
7 0
25 0
25 0
25 0
13 0
14 0
0 6
7 0
0 12
12 0
0 12
18 0
0 6
7 0
25 0
23 0
24 0
1 8
24 0
0 12
24 0
1 9
18 0
1 10
7 0
26 0
1 6
7 0
25 0

